$ANSIBLE_VAULT;1.1;AES256
63343737623530363565653961396230643733663035633666653163646531643439616237646430
3833643231313638336633303232613833613535373861360a353335636134303035363165303366
61303836366234656261323432333737643964383838663061306361626639303834643530316230
3264616630376130640a633036616431666335626537306666656135313937376236663334396566
30663432613938303334333534366364666464393666383364316434396431386331356236616533
34373735353339353939303032343736306463636561386266383033643239323939613362653466
61666564363166303235373132306662376564346436643936386234616332616231303461373033
65346138343366643831333239613638626138636165663032383439303565353532363937366332
39306263353966313233613562613531343735353363373938666463366266376536316430373233
33386331656165646366613465376635333130646431656362323133663165306232396565663237
35663733653962663664383831333064306534396261343438386565623437656236356562393965
33356134633661366134373931613133313664636461316133616236376665356233343330373936
38386666356665323863643264623532373431356665656464643566666339323032613331623939
36343333383437343864366336383837656330336361386237313564663436336435333133336465
37363164326365653830643262303563623238666538623330393239666339646433326233393862
65353334313764303865396235613338636234636163383334623261623462626436633936623731
36653033646365316639326338393237636563303866643838333436653636393639393130386139
31303363306564366661616561353937613536646431373732386539343036363838323565646561
35633962363566333737623861373731323535393238326163616537653434633734353237316464
66383930363163653163373933623335633733626436313765613364636330626638353931613366
34613361343037363161616166656335363061653539653339353136383266366535313030333835
32396634333766386165363636663061313134376435396137303030386566326232656339383236
36393161663831343537656135356438653064656661346631636261393166336138663736353631
31363230653163353761666230663665613065666330366136646233613466666134353966643661
35616136666361366636613331663830653266316537356339326264343634333038653566646339
63336134613563313565353061303537303564303736306263366439326338636566313131343932
32343266316465366639623436303961376462643635373563613665316431663131316131353634
35626365633639353539656232376135663565646238353866306134366465393435376265313962
37353838303565666161623935386365393635383232303131656435666337386636326636653563
36353434333962353966623562663765376264653062623430383238613264666662633230363263
39623536653339383662346437613236366234383762383834383736306164373939643037623237
32333265393539636266366166336639663664623136383030343539353337373464393032643936
39356536646438653961663965316365356631353066323839396637616264663833323761363962
35306638666266613839353463336437306531646134376238623638343930313338623965363630
62663663643466313663353762306332636232356537656133346332633037343536643230616135
34636462666362653633626331333137643236643632343336313339366634613366366136303434
61346161643766363262343131623934343863376636373232386664373735356430363566653233
36303336313830333866316537666438343237396437376337623537613132656534646461393565
63393765663331616362396137323030666562396431373635306532636535616235343964313963
64386562336664633764663334653831313561346132326336633030386561613030653236306638
61306161313563333733326536653138323538386161626536643862616337343134613134663131
30363166656364666430326638333466366132376130366637376662613030613065393138663738
63313636323363313232613636373864333063333330326538613861376339376635313536393330
64663232303531393766343730313464373034613334373732363839383532656231316330383566
33316365396637303634396165383238326264396661303265613936316131313632363633326162
32323036366332616531663633643831383838663832646233613438343737653731633663623466
37373166343832313134343635396136646537313437323662383262666631393038383764613939
36343466373137393662326664623166363066386135653033623664383533333436343763333462
36396362346632616661363936313362643735633532306536393533353966373234326263343537
31666366643737343331383135373631656231653666373332666237383963663830336462336234
61333030626365313037323431353535333536393430313161623264643562653336313734396438
37636361666562393466326361613138366333653539633538363231393361386466613135316163
32626535626137316230356466323632343363626230336266613463366231393930336634346364
61343530313131356136663465633636396362353166353433306365353333653739633333656131
31393864353430353166373035326438393363383433393633616463643232383936326130326336
38623038353765356462326231346337636630313139663662353764376637363162313438376264
64326136336338386637303439343135353837646136623063346237613832623563646435653637
33376135356264636461646633353963303031373063316138366566613561313835396464306430
36636139613261623633663533616135346536386364623536623565353862643230366237313563
62643864653639393336636563666264303839366230656163616334373939373965373430663161
31313332363033393439646231383334383536386232613334616435316533363762323236613363
65313865666131653666316432393533623035326134626566663263396338303233383432623765
33656534623038653730373935313630313166343664383834663431303533396464613335393331
34613833393133386261336332313064346364383864643563643566376532656430663830373037
63343831376266336363386461363664373536653533356131353366316339333966623965636239
65366265383434373036326239363230633363363762303437326438373437653061343538383766
36303230353331366633343037326663343535616666383333326465623262643339663132656638
65336462393339653761636236613634316531353166353766616161336232656537343232323362
38653865323432393631323132653363323863633462356138653732353961643863393561333863
37373964386630366462393639333235656566333434636162656334663237363634643164623739
34636632396434626465343834353462636137626537393134393037326163646337653333626435
31303130393937656236623032643263326335343834373037646632663164353766303763306530
33376137663837656238653066623935386264303266643739643366613230636631373639353431
35323535356166323932663664313162323266616265656462313835356130616138626136373064
66323834616138323535383966346631613061636337353963383034643135613665396361663366
31336166393438313763303730666662643838633630396262316666373937663130363130333533
64333839643037653565393961363162363061396239646331383738346466323331333439316438
38386466653930666464373861616334393165333164663232636665393433323238346534636366
32616133373930323932666262393237343264316231626566616635613037373131386634353530
63633564623362386438366331333637656539306362656264626561636462373166346135613230
32316336346139343838306530373563396137613530386435366237636566646462666236343063
37336266323362643461383236663735363066313732323932646533393737313537656232663831
31373039666664383338666132643761393961323364356333666531656330313865373932343435
35393032613765383330663937323536386536343066633631343561376433643039333532653338
39663234343435633538313032386137393765376333316130366136636661326266666234333033
30343439306535326332396464353134383233306533373761336433626633653038346161373466
31666431646537353531626435346134323866363462343762646132633864313365383933346335
63656539643935386336376666346164376361373932306533663735323162626437383664663932
61666234663364303831326262616636333936393464363139353234323536363765336432333662
63616439396137363836343262396364306437663963383238363232663364353930383737353761
37396563366632646663663036323534333439666465366261323861306561343834323733323536
63636337356139306265386331313838383535323739623037663963323663373261623133386331
33666533623537336434343764353364633762643938303165653539333161643831376335636637
36333563353633663764336437373038396235383736323561643565386433636235386361346462
64626530653130346334623133646163316131616265646362353535643061336461623932396139
63316331313733313937396634373631323632623733363936626261366531626666373862393537
35653966653664396561653030643131376566643766656637363735353861663265363638626162
63356134353431363130363033346163643032333631656331616439373631613230383161383261
33363666653965636137323064653234613232306563343539356635373763303933646263623565
64306531363833616664396134656633343761313065303337356562333233616331663432303130
65663931316233336661653365613731643165653433646264653938393834643963323036333039
62326336363830306365353531343938346463383463346234393537326434353636623136636164
35373836383733343733656563396366353438383264633263376262356462356437373631383937
35376265613739393433336338363939376461363763396336633264653533303261323263383162
37656266326165363461613830303739373132646131643965643937303665386466323962653831
31653966643935633332396263303536633666306562663636383839323431633064363434316462
36323336336463353936363165633664346265356332333134363137336430626635666536316462
31343539373239313930656135383262633663323464633636346434353335333762626234383066
36316339313461353366626131383063383464313863643731663831353161633136333537643061
31363130303835343939646563353864623631653761363164336335383939346535376438313337
64393966656164316566303966343666656136333032656337393430656433346434353330613530
32376562653465646530623537643231653438656364666331393762393535303335323761353161
63326461366265323334613036333866303038666666363338383164323932613566303062656537
66313934633138333762396137643466643735356234353337303034343931666537663264333737
64333966646134313066333536346365613335316334366661373830343763366134393233666537
63393564663038333432383135303864653266666664353334663161376362656566656437653562
39646563663030626434323034646131376163373164616261376638313232623564666332353866
31613537383335666136613262653230346462643238646162656165343439656339646564343136
35363138666361616537633137393338313364373933326636363465313063343034326134346166
61383163636533306363316666653139356365666532383336326439643138616563393164343430
33613430393733306336343065316462643862373737316266386139356566363639303933343864
30363963313962656634613837326236313064303331343834323232393865646533343730396565
33363362643462623861356163366636333666643634663436343231306139383234666366663833
66353431303763316165643836383064393636313064623562326236343437643630373838343437
64343839653439303132663830316332326262666234613764323566646565366431633338663438
39346639306439393432633633316561646361313638313836623064656565616337353365616638
31353634613432323939663336356265643935636131636637373937383838363234303561306562
39613532396332343830666563303032326636636430663737313662613132646435396264363864
38313839336235303963306539643531326266343231366339663035633838613033316266373739
62393639363230323463313463616532306335623563376639383661656565666133373461373932
38363239623231386530666335313065653733653737363938636534643362303562313564386366
64616437396561376465653236643664656562393137313930316364376264643163623566336431
35663865376166333562373330346439363436663631666461633736363664633837323232313538
65326666363239333837616430636365393066326463306534356163316261363438663161396639
61363337623733623764363264396134633334393832373431363539653038323336306636366431
30323530366439653165313636643939303037393836303562383131386265663538383465666665
62316636613437303163616537353437323634356662313766616362656163316666646666393336
64666232663839303366633231363732636230373437636366373933316335333034633830643937
32356532656337396236373030626163373136313136303035663532383138336239313366613238
63383636633434353136383635343137623433363831323539313530636664316465376634616364
66636336333962396534313865323061343265333164623734636334336232383663303861393430
61646161643838393639636264313230633661613366623830623534386631663831363634313332
66643836613165636637383131646665383366643234303162656139346635336335366461353466
30303065363630313361383838343563323163303936393732623633373633623564363032666535
33383865383335366330656438653137316631366262376232356337653665616364663064653939
39316338393864363163663739323433323838373863346634366266613463303163323838383761
38633535666134383866636532356336366166616635313532393939303662393037366533633131
66366265323236633761626138653563366636366539366664366435666539303130356537396334
30633535383639343033643633313261393663336465303734383762623636313561633437656139
37363064333565623337333738373461383937623436316334636635333135306131663062393535
65613332386230313361333636623238346164666139363761323766623266623561613233356564
35393537303364613865363432386335333561623438366463343634323539336138313732613636
39323930356535653136396264626135386431316235653639343464343065633632643939303737
30653566616535626537336365323664353564316666663236396632396633643564623731333266
38343838336431643566343063653430326462643963396365636435386239386339333964363732
35656536643630323531363638336234386132663461383561616431336438396162333731383435
66623462333133326265383562616230306333373137643538666537376532376539386333313237
64626138373365623764343765326635653061326638336230653735313137656266623263303038
30623839656266363164336333316435376239636561306264366466353633663039373263623930
32616432336438646535663433616165313963623037366237396435353462363163613533316166
30373634366131623964336132386234386664313563316330346237363562613662323436656530
63643733646366336339396665386265653035303932636530616266356637346139386162303464
32333833386431393739323266653266366261333532386333376433343366313831623564356463
36323365656233633339396434643934636534623363313364333531383336383564383539386264
31396639623632626238383262633664623036313065383133623330356466643936363632343733
38663561636637626264626236303134643838356634396234313730326234633031636534643563
34616363653964643930633530383434326537393363363231333662353032613836386363663638
64363963633964366633333266376637633562633639383934623833633866386166646634623734
38323133663930663564333366636131336564613931326166643661626337316336666533396539
37363635653162366262656162353531343232353066373238303737323066613131303236393361
38373964346130353861336539376661363034626563393765336631336636353338656233373236
30396664376432653239623037393262376661343033643539323830626531363162323938343263
3165
